models:
  - name: PNet
    lr: 0.009541006320883078
    weight_decay: 0.00011531477941868117
    step_size: 30
    gamma: 0.6078038714649643
    dropout_h0: 0.31161704591277983
    dropout_h: 0.05102338209854125
    loss_weights: [2, 7, 20, 54, 148, 400]
    max_epochs: 300
    patience: 20

  - name: Baseline
    lr: 0.006167615976662116
    weight_decay: 0.0027994454312370676
    step_size: 40
    gamma: 0.7768711354557853
    hidden_layers: 5
    dropout: 0.12636430299832901
    max_epochs: 300
    patience: 40

  - name: ReactomeGNN
    lr: 0.00025944038792673213
    weight_decay: 0.00010134624537619877
    pathway_weight_decay: 0.06620094991304759
    step_size: 50
    gamma: 0.8678046351323309
    dropout_h0: 0.4423952031676612
    dropout_h: 0.003973520557921029
    projection_dim: 16
    hidden_dim: 32
    max_epochs: 300
    patience: 30